1008001001
1008001002
1008001003
1008001004
1008001005
1008001006
1008001013
1008001014
1008001015
1008001016
1008001017
1008001018
1008001019
1008001020
1008001023
1008001024
1008001026
1008001029
1008001030
1008001033
1008001051
1008001052
1008001053
1008001054
1008001055
1008001056
1008001057
1008001062
1008001063
1008001070
1008001071
1008001072
1008001073
1008001074
1008001075
1008001076
1008001077
1008001078
1008001079
1008001080
1008001081
1008001082
1008001083
1008001084
1008001085
1008002001
1008002002
1008002003
1008002004
1008002005
1008002006
1008002007
1008002008
1008002010
1008002011
1008002012
1008002013
1008002014
1008002015
1008002019
1008002022
1008002037
1008002038
1008002039
1008002040
1008002041
1008002042
1008002043
1008002044
1008002045
1008002046
1008003001
1008003027
1008003039
1008003049
1008003053
1008003054
1008003055
1008003056
1008003057
1008003058
1008003060
1008003083
1008003084
1008003085
1008003086
1008003087
1008003089
1008003091
1008003092
1008003093
1008003094
1008003095
1008004001
1008004002
1008004006
1008004007
1008004009
1008004010
1008004011
1008004013
1008004014
1008004015
1008004016
1008004017
1008004018
1008004020
1008004028
1008004031
1008004033
1008004034
1008004042
1008004046
1008004047
1008004048
1008004049
1008004050
1008004051
1008004052
1008005001
1008005003
1008005004
1008005005
1008005006
1008005007
1008005009
1008005010
1008005011
1008005012
1008005019
1008005020
1008005028
1008005029
1008005030
1008005033
1008005034
1008005035
1008006001
1008006002
1008006003
1008006004
1008006005
1008006006
1008006007
1008006008
1008006016
1008007001
1008007002
1008007003
1008007005
1008007012
1008007013
1008008001
1008008002
1008008003
1008008004
1008008005
1008008009
1008008010
1008008011
1008008012
1008008013
1008008014
1008008016
1008008017
1008009001
1008009002
1008009003
1008009004
1008009005
1008009006
1008009007
1008009008
1008009009
1008009010
1008009011
1008009013
1008009014
1008009015
1008009016
1008009017
1008009018
1008009019
1008009020
1008009021
1008009022
1008009023
1008009024
